1456 434 1582 413
1582 413 1668 313
1668 313 1582 413
1582 413 1633 420
1633 420 1775 360
1775 360 1756 331
1756 331 1775 360
1775 360 1849 366
1849 366 1829 469
1829 469 1851 525
1851 525 1767 632
1767 632 1785 690
1785 690 1767 632
1767 632 1851 525
1851 525 1615 560
1615 560 1674 576
1674 576 1615 560
1615 560 1524 498
1524 498 1615 560
1615 560 1555 599
1555 599 1615 560
1615 560 1851 525
1851 525 1732 619
1732 619 1851 525
1851 525 1895 597
1895 597 1907 609
1907 609 1895 597
1895 597 2177 558
2177 558 1985 593
1985 593 2022 684
2022 684 2115 704
2115 704 2022 684
2022 684 1919 684
1919 684 1975 661
1975 661 1919 684
1919 684 2022 684
2022 684 1831 657
1831 657 2022 684
2022 684 2185 768
2185 768 2288 717
2288 717 2185 768
2185 768 2261 853
2261 853 2086 815
2086 815 2261 853
2261 853 2028 949
2028 949 2107 962
2107 962 2028 949
2028 949 1728 1005
1728 1005 2028 949
2028 949 1868 815
1868 815 1880 776
1880 776 1851 729
1851 729 1880 776
1880 776 1868 815
1868 815 1932 776
1932 776 1868 815
1868 815 2014 735
2014 735 1868 815
1868 815 1616 817
1616 817 1417 1044
1417 1044 1536 1017
1536 1017 1616 817
1616 817 1868 815
1868 815 2028 949
2028 949 2261 853
2261 853 2185 768
2185 768 2022 684
2022 684 2134 615
2134 615 2022 684
2022 684 1985 593
1985 593 2045 457
2045 457 2084 488
2084 488 2113 420
2113 420 2027 387
2027 387 2113 420
2113 420 2084 488
2084 488 2045 457
2045 457 1985 593
1985 593 1979 459
1979 459 1985 593
1985 593 2177 558
2177 558 1895 597
1895 597 1851 525
1851 525 1829 469
1829 469 1886 471
1886 471 1829 469
1829 469 1849 366
1849 366 1977 331
1977 331 2032 282
2032 282 2010 218
2010 218 1911 207
1911 207 1728 162
1728 162 1911 207
1911 207 2010 218
2010 218 2032 282
2032 282 1977 331
1977 331 1946 261
1946 261 1977 331
1977 331 1891 315
1891 315 1835 240
1835 240 1891 315
1891 315 1829 323
1829 323 1891 315
1891 315 1977 331
1977 331 1849 366
1849 366 1872 409
1872 409 1849 366
1849 366 1775 360
1775 360 1711 455
1711 455 1800 471
1800 471 1711 455
1711 455 1775 360
1775 360 1633 420
1633 420 1582 413
1582 413 1553 342
1553 342 1582 413
1582 413 1456 434
1456 434 1380 471
1380 471 1270 416
1270 416 1174 416
1174 416 1270 416
1270 416 1165 356
1165 356 1100 298
1100 298 1553 253
1553 253 1546 212
1546 212 1553 253
1553 253 1685 195
1685 195 1649 207
1649 207 1685 195
1685 195 1641 160
1641 160 1685 195
1685 195 1759 214
1759 214 1685 195
1685 195 1718 255
1718 255 1685 195
1685 195 1553 253
1553 253 1512 144
1512 144 1390 239
1390 239 1326 206
1326 206 1398 187
1398 187 1390 239
1390 239 1512 144
1512 144 1476 257
1476 257 1512 144
1512 144 1553 253
1553 253 1100 298
1100 298 1165 356
1165 356 1089 331
1089 331 1165 356
1165 356 1155 276
1155 276 1165 356
1165 356 1093 424
1093 424 1165 356
1165 356 1038 420
1038 420 1165 356
1165 356 1270 416
1270 416 1380 471
1380 471 1452 467
1452 467 1380 471
1380 471 1330 512
1330 512 1219 527
1219 527 1097 659
1097 659 1071 700
1071 700 1097 659
1097 659 1038 601
1038 601 964 589
964 589 1038 601
1038 601 1097 659
1097 659 949 764
949 764 1052 815
1052 815 949 764
949 764 1147 828
1147 828 949 764
949 764 865 962
865 962 873 1056
873 1056 764 1137
764 1137 829 1172
829 1172 764 1137
764 1137 572 1248
572 1248 226 1176
226 1176 572 1248
572 1248 407 1273
407 1273 300 1429
300 1429 407 1273
407 1273 572 1248
572 1248 764 1137
764 1137 640 1118
640 1118 764 1137
764 1137 873 1056
873 1056 1244 863
1244 863 1833 737
1833 737 1244 863
1244 863 873 1056
873 1056 1112 1027
1112 1027 873 1056
873 1056 865 962
865 962 949 764
949 764 809 861
809 861 665 887
665 887 655 1005
655 1005 665 887
665 887 578 962
578 962 665 887
665 887 729 953
729 953 665 887
665 887 590 896
590 896 665 887
665 887 809 861
809 861 720 858
720 858 809 861
809 861 782 906
782 906 809 861
809 861 834 784
834 784 998 821
998 821 834 784
834 784 809 861
809 861 856 857
856 857 809 861
809 861 949 764
949 764 1301 774
1301 774 949 764
949 764 1097 659
1097 659 877 737
877 737 784 688
784 688 529 747
529 747 327 714
327 714 525 710
525 710 529 747
529 747 784 688
784 688 809 511
809 511 943 483
943 483 809 511
809 511 865 469
865 469 844 630
844 630 865 469
865 469 916 401
916 401 865 469
865 469 809 511
809 511 784 688
784 688 640 754
640 754 784 688
784 688 597 661
597 661 784 688
784 688 636 585
636 585 784 688
784 688 877 737
877 737 498 830
498 830 281 778
281 778 207 659
207 659 281 778
281 778 498 830
498 830 319 927
319 927 296 1060
296 1060 319 927
319 927 498 830
498 830 877 737
877 737 1097 659
1097 659 1219 527
1219 527 1270 626
1270 626 1425 589
1425 589 1270 626
1270 626 1483 694
1483 694 1270 626
1270 626 1215 626
1215 626 1215 694
1215 694 1215 626
1215 626 1270 626
1270 626 1219 527
1219 527 1196 467
1196 467 1219 527
1219 527 1110 515
1110 515 1046 508
1046 508 1110 515
1110 515 1219 527
1219 527 1190 566
1190 566 1219 527
1219 527 1330 512
1330 512 1380 471
1380 471 1404 519
1404 519 1468 535
1468 535 1404 519
1404 519 1429 552
1429 552 1404 519
1404 519 1380 471
1380 471 1456 434
1456 434 1443 375
1443 375 1456 434
1456 434 1509 426
1509 426 1456 434
